[gd_scene format=3 uid="uid://cib786y4fr7cb"]

[ext_resource type="Script" uid="uid://ckplnjj5kkyta" path="res://Main/Main.gd" id="1_83ytx"]
[ext_resource type="PackedScene" uid="uid://c4v0peqkg130j" path="res://Goal/Goal.tscn" id="2_6aewd"]
[ext_resource type="PackedScene" uid="uid://b3x2ya4csyglj" path="res://Animal/Animal.tscn" id="2_83ytx"]
[ext_resource type="PackedScene" uid="uid://berl535au27hs" path="res://Lane/Lane.tscn" id="3_amygn"]
[ext_resource type="PackedScene" uid="uid://d10bdq3u7df63" path="res://Vehicle/Vehicle.tscn" id="4_ps1la"]

[sub_resource type="ProceduralSkyMaterial" id="ProceduralSkyMaterial_83ytx"]
sky_horizon_color = Color(0.66224277, 0.6717428, 0.6867428, 1)
ground_horizon_color = Color(0.66224277, 0.6717428, 0.6867428, 1)

[sub_resource type="Sky" id="Sky_amygn"]
sky_material = SubResource("ProceduralSkyMaterial_83ytx")

[sub_resource type="Environment" id="Environment_ps1la"]
background_mode = 2
sky = SubResource("Sky_amygn")

[sub_resource type="StandardMaterial3D" id="StandardMaterial3D_oeayj"]
albedo_color = Color(0.1882353, 0.40392157, 0, 1)

[sub_resource type="PlaneMesh" id="PlaneMesh_83ytx"]
size = Vector2(50, 50)

[sub_resource type="StyleBoxFlat" id="StyleBoxFlat_6aewd"]
content_margin_left = 20.0
content_margin_top = 20.0
content_margin_right = 20.0
content_margin_bottom = 20.0
bg_color = Color(0.18431373, 0.69803923, 0.40784314, 1)
corner_radius_top_left = 13
corner_radius_top_right = 13
corner_radius_bottom_right = 13
corner_radius_bottom_left = 13

[sub_resource type="LabelSettings" id="LabelSettings_6aewd"]
font_size = 20
outline_size = 10
outline_color = Color(0, 0, 0, 1)

[node name="Main" type="Node" unique_id=1391425956]
script = ExtResource("1_83ytx")

[node name="Goal" parent="." unique_id=230854485 instance=ExtResource("2_6aewd")]
transform = Transform3D(1, 0, 0, 0, 1, 0, 0, 0, 1, 0, 0.37480533, -9.560567)

[node name="Sun" type="DirectionalLight3D" parent="." unique_id=1088615171]
transform = Transform3D(-0.93027025, -0.36669227, -0.01158403, 0.21882948, -0.57994324, 0.78471625, -0.29446748, 0.7274631, 0.619747, -6.3133135, 7.9893856, 12.333778)
shadow_enabled = true

[node name="WorldEnvironment" type="WorldEnvironment" parent="." unique_id=1487217783]
environment = SubResource("Environment_ps1la")

[node name="Animal" parent="." unique_id=1343002232 instance=ExtResource("2_83ytx")]
transform = Transform3D(1, 0, 0, 0, 1, 0, 0, 0, 1, 0, 0, 2.7231884)

[node name="Rig" type="Node3D" parent="Animal" unique_id=694377179]
transform = Transform3D(0.9889211, 0.12832525, 0.07461647, -0.14812674, 0.8858243, 0.43974286, -0.009667002, -0.44592366, 0.8950187, 0, 0, 0)

[node name="Camera3D" type="Camera3D" parent="Animal/Rig" unique_id=634820231]
transform = Transform3D(0.9863481, -0.06272647, -0.15225893, 0.09998004, 0.96280134, 0.25103313, 0.1308487, -0.26282898, 0.9559287, -2.72509, 3.8491673, 17.407103)
fov = 35.059807

[node name="UI" type="PanelContainer" parent="Animal" unique_id=894624770]
offset_left = 84.0
offset_top = 44.0
offset_right = 290.0
offset_bottom = 155.0
metadata/_edit_group_ = true

[node name="VBox" type="VBoxContainer" parent="Animal/UI" unique_id=1614174184]
layout_mode = 2

[node name="GoalsUI" type="Label" parent="Animal/UI/VBox" unique_id=1849662640]
layout_mode = 2
text = "Goals Remaining: "

[node name="LivesUI" type="Label" parent="Animal/UI/VBox" unique_id=1866983308]
layout_mode = 2
text = "Lives: "

[node name="Ground" type="MeshInstance3D" parent="." unique_id=1301064270]
transform = Transform3D(1, 0, 0, 0, 1, 0, 0, 0, 1, -0.17693472, -0.038639545, -0.40957355)
material_override = SubResource("StandardMaterial3D_oeayj")
mesh = SubResource("PlaneMesh_83ytx")
skeleton = NodePath("")
metadata/_edit_lock_ = true

[node name="Lane" parent="." unique_id=434455322 instance=ExtResource("3_amygn")]
transform = Transform3D(0.013962062, 0, 0.9999025, 0, 1, 0, -0.9999025, 0, 0.013962062, 0.013971363, 0, -1.0005685)

[node name="Vehicle" parent="Lane" unique_id=1593780182 instance=ExtResource("4_ps1la")]
transform = Transform3D(-1, 0, -8.742278e-08, 0, 1, 0, 8.742278e-08, 0, -1, 4.7683713e-07, 0.36070037, -0.007894039)

[node name="Pause Menu" type="PanelContainer" parent="." unique_id=1634764949]
offset_left = 454.42676
offset_top = 267.0
offset_right = 656.07855
offset_bottom = 381.0
theme_override_styles/panel = SubResource("StyleBoxFlat_6aewd")
metadata/_edit_group_ = true

[node name="VBox" type="VBoxContainer" parent="Pause Menu" unique_id=1616774144]
layout_mode = 2

[node name="Title" type="Label" parent="Pause Menu/VBox" unique_id=1609613658]
layout_mode = 2
text = "Danger Dodger"
label_settings = SubResource("LabelSettings_6aewd")

[node name="PlayButton" type="Button" parent="Pause Menu/VBox" unique_id=924127847]
layout_mode = 2
text = "Play"

[node name="QuitButton" type="Button" parent="Pause Menu/VBox" unique_id=443797233]
layout_mode = 2
text = "Quit"
